        5.02500      231.52330477     
        5.07500      229.27430498     
        5.12500      230.68730293     
        5.17500      237.13901726     
        5.22500      234.01554000     
        5.27500      222.38179664     
        5.32500      218.67796383     
        5.37500      226.71349278     
        5.42500      209.02165108     
        5.47500      222.23193650     
        5.52500      220.41035164     
        5.57500      210.22010563     
        5.62500      218.81169132     
        5.67500      204.19974250     
        5.72500      199.12253235     
        5.77500      217.65271971     
        5.82500      226.44635414     
        5.87500      216.21423303     
        5.92500      204.59631686     
        5.97500      213.19856551     
        6.02500      195.26465971     
        6.07500      218.89590393     
        6.12500      198.61151164     
        6.17500      196.65323722     
        6.22500      217.76115806     
        6.27500      204.74710529     
        6.32500      197.84025300     
        6.37500      189.06620203     
        6.42500      207.55966653     
        6.47500      204.96712508     
        6.52500      210.30319511     
        6.57500      188.67098118     
        6.62500      208.36629002     
        6.67500      188.09337728     
        6.72500      221.29791382     
        6.77500      195.35857232     
        6.82500      212.80590934     
        6.87500      199.31695787     
        6.92500      189.45316514     
        6.97500      201.76338345     
        7.02500      192.14792341     
        7.07500      187.41522309     
        7.12500      188.62665621     
        7.17500      182.16102642     
        7.22500      202.72933514     
        7.27500      178.72715879     
        7.32500      200.52340027     
        7.37500      190.90219441     
        7.42500      202.95327139     
        7.47500      191.81915290     
        7.52500      193.74267365     
        7.57500      195.20199127     
        7.62500      214.59302701     
        7.67500      201.54345882     
        7.72500      210.13254924     
        7.77500      203.62820539     
        7.82500      213.21690616     
        7.87500      192.59896830     
        7.92500      199.28878781     
        7.97500      218.61393319     
        8.02500      203.61961893     
        8.07500      196.83975664     
        8.12500      209.75951828     
        8.17500      215.98559827     
        8.22500      203.20019863     
        8.27500      201.15635508     
        8.32500      208.14165340     
        8.37500      198.93911137     
        8.42500      205.08965162     
        8.47500      196.44681005     
        8.52500      198.56512491     
        8.57500      210.33869742     
        8.62500      195.27895167     
        8.67500      192.14238644     
        8.72500      210.17828235     
        8.77500      214.12643392     
        8.82500      194.32027806     
        8.87500      198.79312333     
        8.92500      198.28755644     
        8.97500      205.37482493     
        9.02500      203.29196498     
        9.07500      193.79649753     
        9.12500      202.52546345     
        9.17500      196.39566110     
        9.22500      198.72135744     
        9.27500      204.01369827     
        9.32500      203.78494095     
        9.37500      188.59380314     
        9.42500      205.63273528     
        9.47500      210.97780531     
        9.52500      202.83484905     
        9.57500      206.34066230     
        9.62500      211.46981508     
        9.67500      207.87272838     
        9.72500      213.02597976     
        9.77500      195.89291985     
        9.82500      203.72992012     
        9.87500      211.94420188     
        9.92500      204.79757078     
        9.97500      197.63968751     
       10.02500      196.81211863     
       10.07500      199.12029486     
       10.12500      184.26711742     
       10.17500      216.76043802     
       10.22500      221.30387362     
       10.27500      216.24763589     
       10.32500      205.50236032     
       10.37500      221.17101063     
       10.42500      208.28644537     
       10.47500      207.64743827     
       10.52500      203.73081079     
       10.57500      213.42398032     
       10.62500      205.68411931     
       10.67500      211.01118972     
       10.72500      208.64251021     
       10.77500      211.37536612     
       10.82500      207.25540717     
       10.87500      212.67874752     
       10.92500      210.59298297     
       10.97500      206.10782472     
       11.02500      200.82311658     
       11.07500      218.07545767     
       11.12500      204.04690657     
       11.17500      217.18389390     
       11.22500      220.79903554     
       11.27500      198.01071256     
       11.32500      205.67158752     
       11.37500      202.95858610     
       11.42500      209.82805801     
       11.47500      211.50011704     
       11.52500      210.84071633     
       11.57500      212.43776201     
       11.62500      221.33990468     
       11.67500      215.02477350     
       11.72500      210.36147077     
       11.77500      213.51677998     
       11.82500      231.57037628     
       11.87500      215.42593772     
       11.92500      216.42607454     
       11.97500      226.30777061     
       12.02500      216.04066871     
       12.07500      213.84037404     
       12.12500      197.44050003     
       12.17500      216.42288373     
       12.22500      217.59086111     
       12.27500      208.68564933     
       12.32500      208.25277473     
       12.37500      222.16486700     
       12.42500      216.65134817     
       12.47500      224.94609666     
       12.52500      228.62187531     
       12.57500      218.22720722     
       12.62500      234.14568899     
       12.67500      236.59864358     
       12.72500      223.27422073     
       12.77500      228.92799992     
       12.82500      231.46792813     
       12.87500      216.59532207     
       12.92500      222.63436191     
       12.97500      222.72103635     
       13.02500      228.05364912     
       13.07500      228.40327600     
       13.12500      227.00253880     
       13.17500      222.37872380     
       13.22500      231.62456139     
       13.27500      221.42408797     
       13.32500      228.38850480     
       13.37500      227.63034528     
       13.42500      231.80588310     
       13.47500      219.23485575     
       13.52500      228.63372913     
       13.57500      230.09291347     
       13.62500      228.25993155     
       13.67500      240.91884317     
       13.72500      231.40006528     
       13.77500      234.58011359     
       13.82500      220.23088423     
       13.87500      237.07390619     
       13.92500      234.13589640     
       13.97500      241.28244368     
       14.02500      222.15852690     
       14.07500      236.29046117     
       14.12500      231.86797650     
       14.17500      246.45731640     
       14.22500      238.89685633     
       14.27500      238.40372064     
       14.32500      235.32823205     
       14.37500      226.23019102     
       14.42500      252.82859339     
       14.47500      230.40601204     
       14.52500      243.84322864     
       14.57500      226.33232412     
       14.62500      227.00943390     
       14.67500      223.51391595     
       14.72500      249.70362198     
       14.77500      241.45087038     
       14.82500      231.31712744     
       14.87500      244.74493459     
       14.92500      254.11902104     
       14.97500      239.86216023     
       15.02500      233.98420023     
       15.07500      242.27476256     
       15.12500      245.26664572     
       15.17500      234.66629902     
       15.22500      251.12287961     
       15.27500      267.92724909     
       15.32500      220.64955581     
       15.37500      241.67189578     
       15.42500      247.61584685     
       15.47500      248.71004593     
       15.52500      245.07052798     
       15.57500      246.69870903     
       15.62500      241.54724554     
       15.67500      251.49982891     
       15.72500      251.22067299     
       15.77500      249.80867601     
       15.82500      251.56348945     
       15.87500      248.81133074     
       15.92500      257.09871165     
       15.97500      250.67831960     
       16.02500      245.90113026     
       16.07500      246.47264700     
       16.12500      243.93235198     
       16.17500      260.11851653     
       16.22500      255.29581631     
       16.27500      250.20777253     
       16.32500      249.97257424     
       16.37500      249.54985756     
       16.42500      264.37853710     
       16.47500      263.57946938     
       16.52500      256.62876030     
       16.57500      255.79733917     
       16.62500      257.41731408     
       16.67500      256.83132170     
       16.72500      264.56705568     
       16.77500      248.83212923     
       16.82500      275.08932469     
       16.87500      262.13728860     
       16.92500      252.05627003     
       16.97500      257.04786410     
       17.02500      266.67258909     
       17.07500      272.71783639     
       17.12500      276.15320204     
       17.17500      278.86694245     
       17.22500      266.10837369     
       17.27500      254.83193686     
       17.32500      260.35953538     
       17.37500      267.53262630     
       17.42500      267.26863788     
       17.47500      265.99594160     
       17.52500      263.23361208     
       17.57500      265.11458190     
       17.62500      270.99369342     
       17.67500      260.30055486     
       17.72500      262.12015446     
       17.77500      272.23496316     
       17.82500      264.43179724     
       17.87500      270.82952429     
       17.92500      261.07500483     
       17.97500      258.32613351     
       18.02500      278.33611746     
       18.07500      252.61479275     
       18.12500      277.54501802     
       18.17500      243.02978421     
       18.22500      271.15656231     
       18.27500      263.44077246     
       18.32500      252.83406374     
       18.37500      270.53044268     
       18.42500      267.95367727     
       18.47500      276.46662806     
       18.52500      283.78474419     
       18.57500      268.41801346     
       18.62500      286.23012546     
       18.67500      267.02667758     
       18.72500      279.88632783     
       18.77500      271.47689305     
       18.82500      257.93183567     
       18.87500      273.22020607     
       18.92500      286.05806979     
       18.97500      281.49911848     
       19.02500      258.32942632     
       19.07500      269.34687562     
       19.12500      271.21656196     
       19.17500      277.18248297     
       19.22500      275.46282454     
       19.27500      280.51855142     
       19.32500      288.08782991     
       19.37500      271.17901040     
       19.42500      282.89098789     
       19.47500      275.89486523     
       19.52500      288.65664986     
       19.57500      274.31523821     
       19.62500      271.63067025     
       19.67500      274.45965990     
       19.72500      276.13541927     
       19.77500      274.07136978     
       19.82500      267.03763664     
       19.87500      283.53109589     
       19.92500      297.51353717     
       19.97500      289.15723054     
       20.02500      273.30275080     
       20.07500      277.60237386     
       20.12500      290.44962269     
       20.17500      274.28709576     
       20.22500      265.92896972     
       20.27500      266.00739301     
       20.32500      290.23763000     
       20.37500      270.93405034     
       20.42500      282.44400276     
       20.47500      284.60084750     
       20.52500      280.39171045     
       20.57500      278.49095503     
       20.62500      271.25187124     
       20.67500      279.50133961     
       20.72500      261.03414467     
       20.77500      275.41778472     
       20.82500      270.82080366     
       20.87500      276.92506534     
       20.92500      265.92056868     
       20.97500      284.74911060     
       21.02500      285.76516856     
       21.07500      282.63661872     
       21.12500      280.91149452     
       21.17500      281.40659481     
       21.22500      265.77559286     
       21.27500      270.51660433     
       21.32500      269.05529988     
       21.37500      288.87404879     
       21.42500      274.15547433     
       21.47500      279.25323533     
       21.52500      267.19668990     
       21.57500      269.04612247     
       21.62500      268.39776423     
       21.67500      288.80689582     
       21.72500      268.52250768     
       21.77500      263.41575539     
       21.82500      272.63407804     
       21.87500      286.20815401     
       21.92500      282.16211094     
       21.97500      275.15216923     
       22.02500      279.37330940     
       22.07500      274.48122260     
       22.12500      279.08176073     
       22.17500      272.03315483     
       22.22500      269.97399661     
       22.27500      275.23188401     
       22.32500      276.64976729     
       22.37500      269.69163763     
       22.42500      272.90803393     
       22.47500      288.78594097     
       22.52500      267.95861286     
       22.57500      273.79520882     
       22.62500      276.92506993     
       22.67500      280.21806016     
       22.72500      279.53992631     
       22.77500      262.42146540     
       22.82500      259.08443574     
       22.87500      257.76958108     
       22.92500      266.79875549     
       22.97500      261.95844228     
       23.02500      261.29973664     
       23.07500      264.26072846     
       23.12500      258.60768933     
       23.17500      273.43352598     
       23.22500      259.83784554     
       23.27500      263.22494518     
       23.32500      267.35809894     
       23.37500      255.18275830     
       23.42500      262.52747120     
       23.47500      261.25436505     
       23.52500      263.39658679     
       23.57500      266.62492322     
       23.62500      244.32291757     
       23.67500      261.08570862     
       23.72500      259.27043029     
       23.77500      265.18533855     
       23.82500      259.93471415     
       23.87500      263.88714413     
       23.92500      260.47501792     
       23.97500      270.73315548     
       24.02500      254.59454776     
       24.07500      254.22926436     
       24.12500      261.05415074     
       24.17500      263.80148262     
       24.22500      258.51756185     
       24.27500      265.66236841     
       24.32500      245.20624433     
       24.37500      245.58630847     
       24.42500      264.79036579     
       24.47500      254.76195323     
       24.52500      254.06303911     
       24.57500      262.96634518     
       24.62500      279.08110569     
       24.67500      261.93309301     
       24.72500      251.69243234     
       24.77500      261.60044225     
       24.82500      250.06917912     
       24.87500      251.01418591     
       24.92500      251.75671583     
       24.97500      242.83153163     
       25.02500      251.67687814     
       25.07500      238.21690004     
       25.12500      250.01631462     
       25.17500      262.55266832     
       25.22500      239.90779356     
       25.27500      261.46494330     
       25.32500      239.93375178     
       25.37500      253.91719143     
       25.42500      248.02233437     
       25.47500      257.73297401     
       25.52500      230.13399601     
       25.57500      251.63231243     
       25.62500      240.08415119     
       25.67500      255.75413540     
       25.72500      244.93376753     
       25.77500      231.97724836     
       25.82500      234.09367296     
       25.87500      235.18690009     
       25.92500      246.99679173     
       25.97500      255.27302715     
       26.02500      237.99894631     
       26.07500      244.83050877     
       26.12500      256.91546776     
       26.17500      273.20159243     
       26.22500      286.63332163     
       26.27500      296.46241694     
       26.32500      312.48662210     
       26.37500      284.33714580     
       26.42500      285.59359344     
       26.47500      289.11101814     
       26.52500      280.13361588     
       26.57500      291.10674482     
       26.62500      261.15085279     
       26.67500      244.40470387     
       26.72500      258.64442327     
       26.77500      234.08088365     
       26.82500      236.46502416     
       26.87500      233.23101622     
       26.92500      233.22108295     
       26.97500      214.33981225     
       27.02500      222.63112823     
       27.07500      223.54838748     
       27.12500      221.28545704     
       27.17500      228.07748422     
       27.22500      234.64398713     
       27.27500      240.64230990     
       27.32500      225.36952819     
       27.37500      228.58683931     
       27.42500      226.33838989     
       27.47500      231.05734951     
       27.52500      226.60733205     
       27.57500      226.88472046     
       27.62500      233.60423018     
       27.67500      227.00177266     
       27.72500      230.10170811     
       27.77500      215.64318186     
       27.82500      216.99987107     
       27.87500      214.80139333     
       27.92500      229.96044755     
       27.97500      207.80336850     
       28.02500      219.79920683     
       28.07500      216.12050025     
       28.12500      231.48321018     
       28.17500      212.22745695     
       28.22500      221.05656128     
       28.27500      208.88047036     
       28.32500      220.88473947     
       28.37500      217.87380171     
       28.42500      219.26744398     
       28.47500      231.38122294     
       28.52500      255.32466035     
       28.57500      252.25535951     
       28.62500      277.60591417     
       28.67500      297.25385860     
       28.72500      351.51073229     
       28.77500      408.91994198     
       28.82500      447.11949173     
       28.87500      508.31514013     
       28.92500      533.44683155     
       28.97500      539.52000714     
       29.02500      575.03660768     
       29.07500      518.75686852     
       29.12500      448.62352147     
       29.17500      385.68107165     
       29.22500      328.03836170     
       29.27500      269.42536752     
       29.32500      234.77487997     
       29.37500      217.96960935     
       29.42500      212.34685835     
       29.47500      211.62274053     
       29.52500      214.91840308     
       29.57500      208.41234562     
       29.62500      206.62064108     
       29.67500      206.43516251     
       29.72500      211.31836191     
       29.77500      197.82145882     
       29.82500      198.08388384     
       29.87500      218.75112345     
       29.92500      214.56394638     
       29.97500      204.42603835     
       30.02500      193.84301620     
       30.07500      196.12160397     
       30.12500      204.69348257     
       30.17500      211.30738485     
       30.22500      201.71805105     
       30.27500      183.61758341     
       30.32500      205.01842178     
       30.37500      201.12432735     
       30.42500      203.07503365     
       30.47500      186.03755857     
       30.52500      206.60007327     
       30.57500      194.89351252     
       30.62500      200.09884671     
       30.67500      205.04223430     
       30.72500      191.98667536     
       30.77500      206.78686975     
       30.82500      201.61420828     
       30.87500      187.35608574     
       30.92500      197.73506952     
       30.97500      196.51865022     
       31.02500      207.94090507     
       31.07500      183.31151447     
       31.12500      198.71607798     
       31.17500      197.22646199     
       31.22500      197.38073685     
       31.27500      199.77436842     
       31.32500      195.06901548     
       31.37500      205.03389767     
       31.42500      189.53560265     
       31.47500      194.46848132     
       31.52500      204.21020295     
       31.57500      197.89038109     
       31.62500      184.92980171     
       31.67500      194.17428200     
       31.72500      203.03471393     
       31.77500      198.50157911     
       31.82500      196.75872295     
       31.87500      206.34186099     
       31.92500      189.83024708     
       31.97500      188.85156415     
       32.02500      202.58646879     
       32.07500      200.16637868     
       32.12500      196.49769517     
       32.17500      201.64708783     
       32.22500      189.40180742     
       32.27500      194.12084730     
       32.32500      198.86614214     
       32.37500      193.38002990     
       32.42500      190.49368018     
       32.47500      194.40564225     
       32.52500      197.85229155     
       32.57500      187.75755312     
       32.62500      192.58888284     
       32.67500      182.00112896     
       32.72500      189.88591044     
       32.77500      189.41708996     
       32.82500      195.03634752     
       32.87500      181.46566485     
       32.92500      178.97894407     
       32.97500      168.03917917     
       33.02500      183.48549697     
       33.07500      177.92980186     
       33.12500      184.34756319     
       33.17500      191.79486391     
       33.22500      188.37030946     
       33.27500      182.50342705     
       33.32500      190.99195946     
       33.37500      196.03753001     
       33.42500      190.49209651     
       33.47500      184.46722830     
       33.52500      196.02115876     
       33.57500      182.87198918     
       33.62500      175.06256014     
       33.67500      198.50185991     
       33.72500      183.07898362     
       33.77500      191.65971337     
       33.82500      189.79190265     
       33.87500      176.28327398     
       33.92500      185.27037535     
       33.97500      192.18737332     
       34.02500      179.36748928     
       34.07500      190.66266133     
       34.12500      178.89557958     
       34.17500      175.13980211     
       34.22500      202.32706924     
       34.27500      210.11772181     
       34.32500      209.67470345     
       34.37500      243.00954352     
       34.42500      262.98859406     
       34.47500      267.19112252     
       34.52500      324.11425074     
       34.57500      341.14862765     
       34.62500      356.64816874     
       34.67500      342.24296603     
       34.72500      334.21248768     
       34.77500      307.86691568     
       34.82500      269.32429200     
       34.87500      261.83735957     
       34.92500      230.39336719     
       34.97500      198.00189628     
       35.02500      190.38398172     
       35.07500      190.20312735     
       35.12500      185.90486882     
       35.17500      181.26775952     
       35.22500      185.03800716     
       35.27500      191.36692304     
       35.32500      184.29867261     
       35.37500      190.27832019     
       35.42500      187.31309514     
       35.47500      193.11562765     
       35.52500      182.22426052     
       35.57500      193.35211969     
       35.62500      193.07411075     
       35.67500      182.93484408     
       35.72500      176.35838271     
       35.77500      182.75541609     
       35.82500      176.13059991     
       35.87500      181.90986812     
       35.92500      177.33824781     
       35.97500      182.49457881     
       36.02500      172.30676820     
       36.07500      172.18516506     
       36.12500      176.30967547     
       36.17500      179.63549862     
       36.22500      169.62028190     
       36.27500      163.55689982     
       36.32500      182.44010637     
       36.37500      177.33568923     
       36.42500      177.66914612     
       36.47500      175.38159219     
       36.52500      174.45812104     
       36.57500      186.65536514     
       36.62500      185.77701370     
       36.67500      183.81289717     
       36.72500      172.57860070     
       36.77500      168.32159636     
       36.82500      182.22420527     
       36.87500      185.53987737     
       36.92500      184.16537744     
       36.97500      179.37549692     
       37.02500      179.41927070     
       37.07500      177.84607931     
       37.12500      170.32334299     
       37.17500      185.94024106     
       37.22500      175.12943160     
       37.27500      187.59265272     
       37.32500      191.09639035     
       37.37500      187.22891978     
       37.42500      192.18641921     
       37.47500      195.87952098     
       37.52500      184.87657214     
       37.57500      200.78301960     
       37.62500      197.24060675     
       37.67500      210.22369393     
       37.72500      212.82051309     
       37.77500      208.54594123     
       37.82500      204.77552741     
       37.87500      196.82356249     
       37.92500      200.55792865     
       37.97500      190.76758047     
       38.02500      185.78109120     
       38.07500      170.13118493     
       38.12500      176.94062363     
       38.17500      186.58780558     
       38.22500      172.82342458     
       38.27500      182.68205572     
       38.32500      180.33276430     
       38.37500      181.74481660     
       38.42500      190.24209124     
       38.47500      181.02290971     
       38.52500      176.86771753     
       38.57500      171.14112641     
       38.62500      188.00531160     
       38.67500      188.76344031     
       38.72500      177.06157637     
       38.77500      175.93690916     
       38.82500      193.66767811     
       38.87500      180.38971193     
       38.92500      185.09826327     
       38.97500      193.79618805     
       39.02500      190.74758190     
       39.07500      190.70268030     
       39.12500      184.19753509     
       39.17500      196.06890655     
       39.22500      195.78125346     
       39.27500      220.13907571     
       39.32500      246.20294491     
       39.37500      289.70186794     
       39.42500      329.84994432     
       39.47500      405.71331898     
       39.52500      458.52655433     
       39.57500      499.17631763     
       39.62500      556.82885668     
       39.67500      527.44656410     
       39.72500      472.31096134     
       39.77500      435.33112870     
       39.82500      364.93311620     
       39.87500      290.32937908     
       39.92500      244.64838646     
       39.97500      229.79406806     
       40.02500      198.82105580     
       40.07500      193.33239511     
       40.12500      185.37522253     
       40.17500      184.80527204     
       40.22500      174.64751844     
       40.27500      186.87919793     
       40.32500      178.02298076     
       40.37500      186.56924199     
       40.42500      183.12104630     
       40.47500      177.62912412     
       40.52500      187.47146965     
       40.57500      182.00434350     
       40.62500      190.48687469     
       40.67500      183.59111998     
       40.72500      189.64408119     
       40.77500      174.29107056     
       40.82500      191.00751749     
       40.87500      172.03005333     
       40.92500      203.14873147     
       40.97500      173.48017082     
       41.02500      185.45787453     
       41.07500      174.93595662     
       41.12500      175.09201379     
       41.17500      175.92902701     
       41.22500      208.15190358     
       41.27500      187.10648480     
       41.32500      185.44795919     
       41.37500      194.47458801     
       41.42500      188.80239740     
       41.47500      189.79390632     
       41.52500      188.50835525     
       41.57500      190.94548558     
       41.62500      196.52040820     
       41.67500      194.46482164     
       41.72500      186.01369580     
       41.77500      182.89155573     
       41.82500      180.29788325     
       41.87500      199.42457463     
       41.92500      211.97443152     
       41.97500      230.32893328     
       42.02500      239.78138398     
       42.07500      304.11243490     
       42.12500      354.61995417     
       42.17500      480.50854438     
       42.22500      597.91521452     
       42.27500      750.11557097     
       42.32500      851.23268114     
       42.37500      881.98383075     
       42.42500      874.83070291     
       42.47500      779.87974394     
       42.52500      665.30293813     
       42.57500      531.83466746     
       42.62500      400.46859330     
       42.67500      315.13630308     
       42.72500      257.29801575     
       42.77500      207.58642306     
       42.82500      190.76313210     
       42.87500      197.55038058     
       42.92500      187.78872683     
       42.97500      190.59869981     
       43.02500      180.57517008     
       43.07500      199.50873348     
       43.12500      184.21754765     
       43.17500      190.23852550     
       43.22500      185.74690287     
       43.27500      186.40964254     
       43.32500      180.74794293     
       43.37500      188.25501066     
       43.42500      188.49848816     
       43.47500      185.97642286     
       43.52500      194.71121127     
       43.57500      187.13728907     
       43.62500      190.49033316     
       43.67500      197.82107138     
       43.72500      189.95232285     
       43.77500      185.14613912     
       43.82500      189.58734846     
       43.87500      178.45529256     
       43.92500      184.32179155     
       43.97500      185.41836737     
       44.02500      186.36892295     
       44.07500      185.32075181     
       44.12500      175.19588186     
       44.17500      185.62004154     
       44.22500      177.21383215     
       44.27500      182.63308515     
       44.32500      176.97499595     
       44.37500      175.91825149     
       44.42500      192.22490241     
       44.47500      192.82833652     
       44.52500      192.58304308     
       44.57500      186.11570344     
       44.62500      183.06551536     
       44.67500      185.46581525     
       44.72500      182.18787799     
       44.77500      187.34066447     
       44.82500      187.88719496     
       44.87500      173.88772697     
       44.92500      194.49713187     
       44.97500      180.17039319     
       45.02500      193.36035898     
       45.07500      184.12861720     
       45.12500      191.97450734     
       45.17500      183.10866502     
       45.22500      189.31208656     
       45.27500      186.63641855     
       45.32500      180.21186180     
       45.37500      185.89460414     
       45.42500      186.29926850     
       45.47500      176.13236867     
       45.52500      181.15457307     
       45.57500      191.18874187     
       45.62500      184.69927612     
       45.67500      199.61031356     
       45.72500      186.56319393     
       45.77500      194.85695569     
       45.82500      187.39734774     
       45.87500      202.51744580     
       45.92500      197.38803495     
       45.97500      192.25319240     
       46.02500      193.62063295     
       46.07500      191.10499771     
       46.12500      179.01880484     
       46.17500      191.11213232     
       46.22500      192.55926362     
       46.27500      187.51746274     
       46.32500      174.18451917     
       46.37500      174.73811126     
       46.42500      181.50590778     
       46.47500      177.82511622     
       46.52500      194.39132083     
       46.57500      173.82032849     
       46.62500      179.79480072     
       46.67500      176.52994394     
       46.72500      182.91158619     
       46.77500      189.02443889     
       46.82500      178.87868135     
       46.87500      184.32059926     
       46.92500      181.72109603     
       46.97500      187.63010731     
       47.02500      179.11659755     
       47.07500      176.94717459     
       47.12500      174.69794154     
       47.17500      183.14327781     
       47.22500      183.30899521     
       47.27500      176.43953420     
       47.32500      187.84920416     
       47.37500      184.16975755     
       47.42500      173.57507018     
       47.47500      181.61150586     
       47.52500      182.97679531     
       47.57500      173.91995510     
       47.62500      173.20099374     
       47.67500      180.00591639     
       47.72500      188.79989056     
       47.77500      203.01920744     
       47.82500      191.75355250     
       47.87500      236.68522090     
       47.92500      248.06374121     
       47.97500      343.62516327     
       48.02500      408.41024188     
       48.07500      542.92727087     
       48.12500      681.99728894     
       48.17500      826.04463819     
       48.22500      910.03382786     
       48.27500      976.14365554     
       48.32500      933.20870627     
       48.37500      836.90436636     
       48.42500      712.78266731     
       48.47500      563.60588336     
       48.52500      411.48303916     
       48.57500      315.03821711     
       48.62500      259.43564172     
       48.67500      206.62204026     
       48.72500      198.94629066     
       48.77500      178.83284905     
       48.82500      183.08307005     
       48.87500      170.15796152     
       48.92500      161.12160023     
       48.97500      187.40375454     
       49.02500      168.87592790     
       49.07500      178.13613376     
       49.12500      166.58960611     
       49.17500      163.03138345     
       49.22500      176.53717682     
       49.27500      168.79925645     
       49.32500      171.13879137     
       49.37500      175.78122448     
       49.42500      187.49934375     
       49.47500      181.58552864     
       49.52500      179.45372316     
       49.57500      176.37705436     
       49.62500      170.31269120     
       49.67500      158.86439902     
       49.72500      167.24237219     
       49.77500      166.44670802     
       49.82500      169.92759197     
       49.87500      168.81064942     
       49.92500      168.02673415     
       49.97500      177.02835737     
       50.02500      163.64828761     
       50.07500      179.49136713     
       50.12500      174.23091116     
       50.17500      162.47242160     
       50.22500      162.28552826     
       50.27500      160.82772468     
       50.32500      163.28814742     
       50.37500      168.05897134     
       50.42500      181.35096047     
       50.47500      170.67803116     
       50.52500      168.83507109     
       50.57500      166.34586960     
       50.62500      172.79858205     
       50.67500      175.20322230     
       50.72500      161.80052008     
       50.77500      171.30101784     
       50.82500      162.07188747     
       50.87500      183.03001936     
       50.92500      175.61628977     
       50.97500      171.00392982     
       51.02500      176.87096237     
       51.07500      167.77745328     
       51.12500      173.86139376     
       51.17500      165.68218279     
       51.22500      167.11115491     
       51.27500      165.13679095     
       51.32500      168.25962915     
       51.37500      171.59606222     
       51.42500      175.01255073     
       51.47500      178.73566942     
       51.52500      169.05501421     
       51.57500      183.32517897     
       51.62500      185.26472935     
       51.67500      199.50907119     
       51.72500      231.39532352     
       51.77500      301.06387824     
       51.82500      395.78531625     
       51.87500      585.13221958     
       51.92500      863.99103602     
       51.97500     1274.74698553     
       52.02500     1800.78647165     
       52.07500     2281.02623893     
       52.12500     2710.36998475     
       52.17500     2856.82096270     
       52.22500     2774.81636827     
       52.27500     2437.28431441     
       52.32500     1963.38625037     
       52.37500     1428.82179156     
       52.42500      977.05219657     
       52.47500      657.42867157     
       52.52500      415.06557762     
       52.57500      284.38548701     
       52.62500      223.82193253     
       52.67500      196.84952290     
       52.72500      176.47836178     
       52.77500      177.41898953     
       52.82500      178.43635033     
       52.87500      180.41331000     
       52.92500      179.56051860     
       52.97500      167.82600232     
       53.02500      179.99494933     
       53.07500      164.72971880     
       53.12500      165.88472457     
       53.17500      172.35703557     
       53.22500      171.31171590     
       53.27500      159.46988986     
       53.32500      175.05983668     
       53.37500      156.34157226     
       53.42500      158.41829300     
       53.47500      165.83820080     
       53.52500      169.55936865     
       53.57500      166.72739848     
       53.62500      177.79155065     
       53.67500      163.58124137     
       53.72500      162.81625998     
       53.77500      172.16203681     
       53.82500      167.73524210     
       53.87500      160.84746261     
       53.92500      176.46633109     
       53.97500      169.13981218     
       54.02500      181.15043912     
       54.07500      180.79325475     
       54.12500      199.93861274     
       54.17500      209.34247866     
       54.22500      245.74431014     
       54.27500      277.42953460     
       54.32500      292.09343335     
       54.37500      298.68169651     
       54.42500      312.33992579     
       54.47500      312.37797735     
       54.52500      267.00703897     
       54.57500      246.36679768     
       54.62500      217.43367845     
       54.67500      189.81356466     
       54.72500      178.70557971     
       54.77500      162.80618664     
       54.82500      159.91373796     
       54.87500      165.58694903     
       54.92500      162.61962528     
       54.97500      170.76092441     
       55.02500      158.17121022     
       55.07500      154.45260747     
       55.12500      163.54046945     
       55.17500      157.56398122     
       55.22500      159.04424033     
       55.27500      169.47522097     
       55.32500      158.83027654     
       55.37500      180.93617908     
       55.42500      161.17075345     
       55.47500      180.02151085     
       55.52500      175.40502615     
       55.57500      158.01619850     
       55.62500      175.68216098     
       55.67500      159.11649928     
       55.72500      157.34187996     
       55.77500      165.74800359     
       55.82500      157.01141291     
       55.87500      173.38098036     
       55.92500      162.63768759     
       55.97500      156.92911571     
       56.02500      156.94193262     
       56.07500      170.17120703     
       56.12500      153.56683819     
       56.17500      148.68270541     
       56.22500      159.25257829     
       56.27500      172.82366894     
       56.32500      160.62100362     
       56.37500      158.54296029     
       56.42500      160.05912151     
       56.47500      164.59867701     
       56.52500      164.05057364     
       56.57500      159.17452292     
       56.62500      158.90676850     
       56.67500      157.62377783     
       56.72500      159.10301748     
       56.77500      162.78737710     
       56.82500      159.97118275     
       56.87500      160.67380829     
       56.92500      156.33324998     
       56.97500      157.27330598     
       57.02500      165.44244453     
       57.07500      164.55796117     
       57.12500      159.89999904     
       57.17500      167.23841935     
       57.22500      146.09620030     
       57.27500      149.66449891     
       57.32500      166.86245620     
       57.37500      165.10429717     
       57.42500      169.81052206     
       57.47500      152.45761855     
       57.52500      158.48302878     
       57.57500      171.22077667     
       57.62500      156.01303958     
       57.67500      159.32722958     
       57.72500      169.19655705     
       57.77500      158.44021222     
       57.82500      158.15342270     
       57.87500      161.03136889     
       57.92500      157.34856459     
       57.97500      169.41241161     
       58.02500      162.90733122     
       58.07500      168.97042053     
       58.12500      169.62478317     
       58.17500      154.42191816     
       58.22500      160.93215131     
       58.27500      162.92763181     
       58.32500      166.68467908     
       58.37500      159.44286789     
       58.42500      167.48255693     
       58.47500      156.27269810     
       58.52500      151.48943474     
       58.57500      164.96239006     
       58.62500      161.27567542     
       58.67500      164.71826688     
       58.72500      152.89511622     
       58.77500      152.71581801     
       58.82500      162.16291816     
       58.87500      151.40805032     
       58.92500      159.27585914     
       58.97500      157.03169616     
       59.02500      161.40159516     
       59.07500      162.39196707     
       59.12500      166.17612353     
       59.17500      152.15802729     
       59.22500      164.78364416     
       59.27500      158.43927665     
       59.32500      155.50886274     
       59.37500      155.19432613     
       59.42500      161.81239789     
       59.47500      155.90089026     
       59.52500      154.26222219     
       59.57500      160.36403993     
       59.62500      150.28362467     
       59.67500      166.75296861     
       59.72500      154.69026946     
       59.77500      169.15263675     
       59.82500      171.69460796     
       59.87500      172.15299122     
       59.92500      162.01615177     
       59.97500      161.17636845     
       60.02500      165.66565282     
       60.07500      161.62653230     
       60.12500      157.92154141     
       60.17500      163.44321088     
       60.22500      174.11965543     
       60.27500      169.14772550     
       60.32500      175.98565085     
       60.37500      170.63458918     
       60.42500      164.52136341     
       60.47500      159.29313337     
       60.52500      169.66553486     
       60.57500      166.78254572     
       60.62500      159.63642787     
       60.67500      146.10758011     
       60.72500      155.04477854     
       60.77500      166.90765988     
       60.82500      163.22819853     
       60.87500      163.44688689     
       60.92500      170.73571653     
       60.97500      164.04440001     
       61.02500      178.23920808     
       61.07500      176.05597577     
       61.12500      198.09403933     
       61.17500      219.76832455     
       61.22500      262.03154140     
       61.27500      326.96869021     
       61.32500      425.20486473     
       61.37500      525.43239359     
       61.42500      595.51754587     
       61.47500      659.70029583     
       61.52500      676.19794900     
       61.57500      646.73388074     
       61.62500      573.74963063     
       61.67500      488.69269795     
       61.72500      405.71424007     
       61.77500      339.71458679     
       61.82500      279.39881807     
       61.87500      246.53291938     
       61.92500      225.42270687     
       61.97500      217.22518830     
       62.02500      237.29951914     
       62.07500      233.74420996     
       62.12500      254.01517701     
       62.17500      253.84513888     
       62.22500      241.02588727     
       62.27500      232.15358262     
       62.32500      232.18565492     
       62.37500      236.74888138     
       62.42500      238.81482487     
       62.47500      276.28700754     
       62.52500      326.34842078     
       62.57500      407.74543222     
       62.62500      545.09305819     
       62.67500      675.05684275     
       62.72500      874.59084218     
       62.77500     1062.04688974     
       62.82500     1222.72417909     
       62.87500     1294.90450888     
       62.92500     1224.27632835     
       62.97500     1075.87084622     
       63.02500      903.71144941     
       63.07500      724.82946124     
       63.12500      538.37550632     
       63.17500      439.62112416     
       63.22500      364.09209133     
       63.27500      376.42031304     
       63.32500      396.21384495     
       63.37500      468.68401833     
       63.42500      533.22432223     
       63.47500      610.50530044     
       63.52500      668.09039832     
       63.57500      662.22521760     
       63.62500      609.58040213     
       63.67500      506.67709210     
       63.72500      416.62104748     
       63.77500      338.35127751     
       63.82500      270.59553102     
       63.87500      245.85763220     
       63.92500      197.07630027     
       63.97500      175.18576946     
       64.02500      164.34851756     
       64.07500      173.80491781     
       64.12500      163.20347935     
       64.17500      158.76586743     
       64.22500      159.72805158     
       64.27500      165.35979584     
       64.32500      161.06814637     
       64.37500      150.93798201     
       64.42500      158.60826786     
       64.47500      155.98384439     
       64.52500      160.14289721     
       64.57500      158.01806604     
       64.62500      159.45328878     
       64.67500      151.95534418     
       64.72500      146.32420793     
       64.77500      156.46792307     
       64.82500      165.36842921     
       64.87500      167.52379155     
       64.92500      160.55601036     
       64.97500      161.86796932     
       65.02500      165.24501148     
       65.07500      160.67681594     
       65.12500      167.34487675     
       65.17500      158.29420719     
       65.22500      177.26003360     
       65.27500      167.05649630     
       65.32500      157.56866037     
       65.37500      164.29584477     
       65.42500      164.98146122     
       65.47500      150.77284251     
       65.52500      154.83782428     
       65.57500      172.39522550     
       65.62500      176.59969300     
       65.67500      189.95192317     
       65.72500      216.88082446     
       65.77500      229.27773800     
       65.82500      270.39725343     
       65.87500      341.66502291     
       65.92500      429.67543047     
       65.97500      609.49354803     
       66.02500      808.11150768     
       66.07500     1005.70270663     
       66.12500     1174.79508702     
       66.17500     1232.95166092     
       66.22500     1270.31505112     
       66.27500     1158.63672170     
       66.32500      961.02195373     
       66.37500      795.85659372     
       66.42500      606.74419628     
       66.47500      474.85689702     
       66.52500      388.45874069     
       66.57500      334.00270972     
       66.62500      314.55969414     
       66.67500      347.16468111     
       66.72500      363.67524085     
       66.77500      393.41354707     
       66.82500      409.36309423     
       66.87500      400.87197061     
       66.92500      383.61941484     
       66.97500      339.75372474     
       67.02500      301.12377332     
       67.07500      262.27543780     
       67.12500      213.43814317     
       67.17500      192.36798134     
       67.22500      173.87420885     
       67.27500      154.21612377     
       67.32500      156.88780320     
       67.37500      153.39002841     
       67.42500      155.33135049     
       67.47500      148.12394073     
       67.52500      150.17074432     
       67.57500      150.26216794     
       67.62500      154.96793947     
       67.67500      153.34539748     
       67.72500      150.35097137     
       67.77500      154.85588500     
       67.82500      151.21106200     
       67.87500      157.06726787     
       67.92500      157.69059723     
       67.97500      161.65538922     
       68.02500      159.98278307     
       68.07500      142.23565086     
       68.12500      150.97302217     
       68.17500      155.45179366     
       68.22500      147.93571131     
       68.27500      139.44296659     
       68.32500      146.81362069     
       68.37500      151.08778087     
       68.42500      151.47655105     
       68.47500      130.76569066     
       68.52500      152.31106835     
       68.57500      156.49774887     
       68.62500      141.39699335     
       68.67500      152.09377307     
       68.72500      150.39005858     
       68.77500      154.92959469     
       68.82500      136.59931634     
       68.87500      144.94826192     
       68.92500      160.53956842     
       68.97500      161.98782053     
       69.02500      165.25295885     
       69.07500      178.78639124     
       69.12500      203.26395822     
       69.17500      220.12546185     
       69.22500      270.66981331     
       69.27500      275.83652544     
       69.32500      317.48448011     
       69.37500      340.54251929     
       69.42500      337.64864896     
       69.47500      350.14856403     
       69.52500      302.24078339     
       69.57500      270.52934980     
       69.62500      232.55916133     
       69.67500      222.82280889     
       69.72500      193.70486402     
       69.77500      173.88997836     
       69.82500      158.33183402     
       69.87500      140.65254372     
       69.92500      151.17532828     
       69.97500      142.12060816     
       70.02500      144.17161067     
       70.07500      153.37465236     
       70.12500      147.75185173     
       70.17500      152.98951793     
       70.22500      136.06352633     
       70.27500      142.60840095     
       70.32500      134.20038076     
       70.37500      147.47418656     
       70.42500      166.43175292     
       70.47500      142.62463959     
       70.52500      145.23855055     
       70.57500      148.13871116     
       70.62500      150.66003291     
       70.67500      143.91325605     
       70.72500      136.88051814     
       70.77500      134.87091972     
       70.82500      138.24292428     
       70.87500      143.57924802     
       70.92500      140.73890135     
       70.97500      139.47176946     
       71.02500      142.20433870     
       71.07500      145.10147859     
       71.12500      143.16572065     
       71.17500      144.08387552     
       71.22500      152.99625590     
       71.27500      150.99291624     
       71.32500      134.31862435     
       71.37500      141.93229343     
       71.42500      147.89461030     
       71.47500      141.79633383     
       71.52500      146.58351208     
       71.57500      161.20655384     
       71.62500      157.65380681     
       71.67500      139.36260681     
       71.72500      145.47996197     
       71.77500      144.71030784     
       71.82500      132.61815282     
       71.87500      150.14779591     
       71.92500      147.36162903     
       71.97500      148.68429739     
       72.02500      143.93456138     
       72.07500      142.31479111     
       72.12500      153.20586085     
       72.17500      138.07643438     
       72.22500      129.22323537     
       72.27500      144.94188180     
       72.32500      146.30222646     
       72.37500      135.18431197     
       72.42500      153.52752565     
       72.47500      152.31480523     
       72.52500      150.40709587     
       72.57500      157.10949296     
       72.62500      170.87306094     
       72.67500      189.88865324     
       72.72500      194.92376353     
       72.77500      226.17312712     
       72.82500      241.81012056     
       72.87500      285.24435287     
       72.92500      355.88580092     
       72.97500      416.60864033     
       73.02500      459.38436792     
       73.07500      548.96403292     
       73.12500      621.85665793     
       73.17500      672.13385165     
       73.22500      690.87504694     
       73.27500      669.63704929     
       73.32500      602.80013107     
       73.37500      543.31164305     
       73.42500      436.36612403     
       73.47500      365.37598839     
       73.52500      290.88224751     
       73.57500      254.38346163     
       73.62500      219.45060903     
       73.67500      186.91420695     
       73.72500      169.69229123     
       73.77500      161.51515448     
       73.82500      152.67756973     
       73.87500      133.37672746     
       73.92500      144.81493674     
       73.97500      133.18272207     
       74.02500      153.34621424     
       74.07500      134.57862705     
       74.12500      149.49660835     
       74.17500      134.85828092     
       74.22500      155.72222708     
       74.27500      137.01451376     
       74.32500      138.48369599     
       74.37500      132.64807192     
       74.42500      137.16969998     
       74.47500      142.93099039     
       74.52500      129.82917368     
       74.57500      129.71003650     
       74.62500      131.58429591     
       74.67500      125.14346639     
       74.72500      128.94049272     
       74.77500      133.98694110     
       74.82500      139.23411743     
       74.87500      145.40925779     
       74.92500      130.41564655     
       74.97500      124.88670690     
       75.02500      136.98741926     
       75.07500      140.29460391     
       75.12500      126.97698560     
       75.17500      140.10690489     
       75.22500      139.56370482     
       75.27500      124.41312145     
       75.32500      133.61106492     
       75.37500      132.33317444     
       75.42500      136.44146597     
       75.47500      128.68165382     
       75.52500      138.15738174     
       75.57500      131.07500286     
       75.62500      134.60016146     
       75.67500      138.46723429     
       75.72500      149.63146662     
       75.77500      153.12992007     
       75.82500      163.31813817     
       75.87500      174.66477244     
       75.92500      177.60102556     
       75.97500      194.28282053     
       76.02500      245.78139367     
       76.07500      283.25606721     
       76.12500      371.53538236     
       76.17500      406.72978847     
       76.22500      497.22479178     
       76.27500      566.38107237     
       76.32500      615.43993628     
       76.37500      598.04127662     
       76.42500      584.02233292     
       76.47500      508.35539786     
       76.52500      441.78706084     
       76.57500      384.78192483     
       76.62500      330.28707192     
       76.67500      255.16845720     
       76.72500      216.22327165     
       76.77500      181.49619590     
       76.82500      154.31624853     
       76.87500      151.62602144     
       76.92500      134.04073336     
       76.97500      138.38211737     
       77.02500      134.47650501     
       77.07500      132.53570742     
       77.12500      135.56846687     
       77.17500      132.92641451     
       77.22500      124.32998391     
       77.27500      126.71396716     
       77.32500      121.10509231     
       77.37500      119.77207711     
       77.42500      128.09903222     
       77.47500      124.36630941     
       77.52500      133.36504527     
       77.57500      141.51194817     
       77.62500      131.04487301     
       77.67500      116.46190373     
       77.72500      115.65004064     
       77.77500      127.87076264     
       77.82500      130.09576523     
       77.87500      123.02923290     
       77.92500      119.16946872     
       77.97500      122.49929074     
       78.02500      129.79604555     
       78.07500      133.07631967     
       78.12500      127.37711567     
       78.17500      133.82984620     
       78.22500      142.55919348     
       78.27500      143.36487088     
       78.32500      155.58810212     
       78.37500      172.06937239     
       78.42500      179.51576319     
       78.47500      207.22648836     
       78.52500      222.14137050     
       78.57500      279.01181474     
       78.62500      329.94715288     
       78.67500      364.52551510     
       78.72500      425.34755948     
       78.77500      453.11523510     
       78.82500      441.29022597     
       78.87500      423.92200091     
       78.92500      404.37035897     
       78.97500      383.77039221     
       79.02500      308.69051809     
       79.07500      287.76331541     
       79.12500      228.47131562     
       79.17500      211.52908736     
       79.22500      176.55812686     
       79.27500      164.16713908     
       79.32500      146.09191847     
       79.37500      141.86086617     
       79.42500      142.22180676     
       79.47500      139.60077506     
       79.52500      137.93534472     
       79.57500      133.41543870     
       79.62500      130.44465834     
       79.67500      137.10195525     
       79.72500      136.20389470     
       79.77500      138.20222656     
       79.82500      133.78597966     
       79.87500      144.80580327     
       79.92500      130.35269297     
       79.97500      147.05675557     
       80.02500      152.94019844     
       80.07500      162.46951478     
       80.12500      172.47197800     
       80.17500      199.89424320     
       80.22500      212.21744429     
       80.27500      238.98333840     
       80.32500      287.47438139     
       80.37500      338.84964653     
       80.42500      435.56422145     
       80.47500      532.23010743     
       80.52500      623.75804256     
       80.57500      666.87993160     
       80.62500      676.56723342     
       80.67500      690.87092472     
       80.72500      622.35129224     
       80.77500      551.75907328     
       80.82500      479.21071434     
       80.87500      409.71383102     
       80.92500      331.63287119     
       80.97500      275.12397667     
       81.02500      231.02953340     
       81.07500      199.77290557     
       81.12500      155.66312302     
       81.17500      135.21712759     
       81.22500      130.70214456     
       81.27500      129.51061054     
       81.32500      131.72198590     
       81.37500      130.69152845     
       81.42500      120.90818000     
       81.47500      126.39747735     
       81.52500      113.03287887     
       81.57500      125.17733121     
       81.62500      118.14018972     
       81.67500      118.47604266     
       81.72500      109.80492550     
       81.77500      121.89077892     
       81.82500      120.21587132     
       81.87500      119.87161543     
       81.92500      122.91142706     
       81.97500      124.64231703     
       82.02500      110.07481382     
       82.07500      123.63265067     
       82.12500      117.59819574     
       82.17500      110.79778249     
       82.22500      108.34012699     
       82.27500      119.14954259     
       82.32500      120.86419424     
       82.37500      122.14656895     
       82.42500      124.00195772     
       82.47500      115.29029738     
       82.52500      115.80109740     
       82.57500      117.02413038     
       82.62500      105.52349312     
       82.67500      109.42004563     
       82.72500      125.80178959     
       82.77500      120.05492882     
       82.82500      116.35726698     
       82.87500      123.26693461     
       82.92500      123.83978163     
       82.97500      124.43789173     
       83.02500      142.39074543     
       83.07500      131.19313811     
       83.12500      152.31531049     
       83.17500      149.67977474     
       83.22500      175.11192493     
       83.27500      176.81825818     
       83.32500      216.27436985     
       83.37500      242.51781312     
       83.42500      284.45851552     
       83.47500      337.72250876     
       83.52500      381.87062277     
       83.57500      424.24220452     
       83.62500      437.60001602     
       83.67500      439.73722649     
       83.72500      443.48324560     
       83.77500      410.43527470     
       83.82500      367.87373599     
       83.87500      332.67449080     
       83.92500      277.73021354     
       83.97500      254.11919170     
       84.02500      208.71020372     
       84.07500      180.16082666     
       84.12500      152.66240078     
       84.17500      158.63886672     
       84.22500      130.38641143     
       84.27500      132.37631290     
       84.32500      124.10135996     
       84.37500      107.86807422     
       84.42500      114.97139684     
       84.47500      118.56528850     
       84.52500      115.01416370     
       84.57500      111.86417628     
       84.62500      114.07826019     
       84.67500      124.66960508     
       84.72500      121.10041924     
       84.77500      122.41134419     
       84.82500      126.98406914     
       84.87500      117.92750344     
       84.92500      128.74556831     
       84.97500      137.53468644     
       85.02500      144.90469201     
       85.07500      159.85005687     
       85.12500      164.47485171     
       85.17500      188.23690423     
       85.22500      207.31385955     
       85.27500      246.38814878     
       85.32500      263.93124122     
       85.37500      281.45368177     
       85.42500      297.67563974     
       85.47500      296.91713262     
       85.52500      306.87851671     
       85.57500      290.00383371     
       85.62500      261.09747639     
       85.67500      235.50233836     
       85.72500      219.10223612     
       85.77500      188.94057138     
       85.82500      185.21372952     
       85.87500      165.94604596     
       85.92500      159.79012975     
       85.97500      156.90445615     
       86.02500      152.39501191     
       86.07500      154.41456777     
       86.12500      167.95456114     
       86.17500      177.30592159     
       86.22500      195.29433240     
       86.27500      232.56928385     
       86.32500      260.89741345     
       86.37500      318.90565044     
       86.42500      375.12073087     
       86.47500      446.05489716     
       86.52500      503.60362452     
       86.57500      578.87387664     
       86.62500      609.43167813     
       86.67500      643.31960409     
       86.72500      665.81954532     
       86.77500      625.88427472     
       86.82500      576.90524275     
       86.87500      515.43297693     
       86.92500      435.85676709     
       86.97500      374.69071037     
       87.02500      312.09762660     
       87.07500      263.73658204     
       87.12500      210.28919061     
       87.17500      174.64906976     
       87.22500      152.98038004     
       87.27500      138.70092893     
       87.32500      117.33967478     
       87.37500      127.15074310     
       87.42500      124.25275402     
       87.47500      115.42476454     
       87.52500      133.76525343     
       87.57500      123.72901129     
       87.62500      141.66126945     
       87.67500      131.95314997     
       87.72500      139.72120146     
       87.77500      140.39574419     
       87.82500      149.57941333     
       87.87500      156.29156302     
       87.92500      142.80852305     
       87.97500      144.99146731     
       88.02500      154.93428805     
       88.07500      149.25898898     
       88.12500      143.49607110     
       88.17500      133.55012500     
       88.22500      129.68575206     
       88.27500      119.79722867     
       88.32500      112.35111224     
       88.37500      117.52324352     
       88.42500      135.08024270     
       88.47500      120.82346936     
       88.52500      111.89409234     
       88.57500      122.58942678     
       88.62500      116.17712680     
       88.67500      115.96655678     
       88.72500      114.23577482     
       88.77500      111.05161169     
       88.82500      112.26420196     
       88.87500      112.49796185     
       88.92500      108.10002328     
       88.97500      107.97554781     
       89.02500      115.12082632     
       89.07500      105.44527783     
       89.12500      113.16813632     
       89.17500      108.76446156     
       89.22500      116.02465120     
       89.27500      110.76017036     
       89.32500      114.14656531     
       89.37500      113.39951751     
       89.42500      115.73648404     
       89.47500      123.24753906     
       89.52500      110.17041591     
       89.57500      116.12423440     
       89.62500      115.09003680     
       89.67500      115.72798827     
       89.72500      112.68275451     
       89.77500      114.68009844     
       89.82500      113.91263772     
       89.87500      125.68711879     
       89.92500      114.88942836     
       89.97500      108.47891554     
       90.02500      111.59390386     
       90.07500      121.02171622     
       90.12500      118.64643893     
       90.17500      115.69889728     
       90.22500      117.47067571     
       90.27500      129.53852293     
       90.32500      133.11502142     
       90.37500      153.94752553     
       90.42500      150.80247012     
       90.47500      171.95919981     
       90.52500      199.93859005     
       90.57500      215.01790249     
       90.62500      252.07099003     
       90.67500      305.39777620     
       90.72500      357.29345722     
       90.77500      393.89713634     
       90.82500      454.29677981     
       90.87500      508.67891455     
       90.92500      515.53338525     
       90.97500      587.84104293     
       91.02500      649.12442582     
       91.07500      703.39072948     
       91.12500      821.94097229     
       91.17500      954.20224001     
       91.22500     1163.03177287     
       91.27500     1363.93103588     
       91.32500     1550.39181487     
       91.37500     1728.86323739     
       91.42500     1838.47073741     
       91.47500     1870.46874575     
       91.52500     1842.40052632     
       91.57500     1731.88945589     
       91.62500     1612.91625318     
       91.67500     1416.10804568     
       91.72500     1233.30916736     
       91.77500     1018.59445415     
       91.82500      844.49534041     
       91.87500      667.22978818     
       91.92500      513.94122739     
       91.97500      400.13601816     
       92.02500      319.67012837     
       92.07500      257.56592437     
       92.12500      231.01074017     
       92.17500      211.59374665     
       92.22500      217.97524697     
       92.27500      251.46417876     
       92.32500      267.87827331     
       92.37500      304.96641357     
       92.42500      348.17455005     
       92.47500      405.24105026     
       92.52500      447.32596849     
       92.57500      483.72680109     
       92.62500      504.92755277     
       92.67500      541.89378306     
       92.72500      554.23938837     
       92.77500      522.95236186     
       92.82500      487.84211222     
       92.87500      435.08735083     
       92.92500      407.68119605     
       92.97500      339.85034782     
       93.02500      284.28685394     
       93.07500      269.38037967     
       93.12500      213.91350215     
       93.17500      197.48823683     
       93.22500      180.95749434     
       93.27500      151.03401824     
       93.32500      146.50346766     
       93.37500      142.44884286     
       93.42500      137.50220525     
       93.47500      151.72083791     
       93.52500      160.38358031     
       93.57500      161.76127310     
       93.62500      180.25153639     
       93.67500      204.71264031     
       93.72500      225.77877409     
       93.77500      225.65417980     
       93.82500      239.42792733     
       93.87500      235.91486345     
       93.92500      232.10741607     
       93.97500      229.55517044     
       94.02500      240.36144760     
       94.07500      200.62983263     
       94.12500      202.77372623     
       94.17500      171.04084926     
       94.22500      163.77476744     
       94.27500      156.38348520     
       94.32500      144.34868886     
       94.37500      140.37604531     
       94.42500      133.25969346     
       94.47500      118.94533612     
       94.52500      118.51473907     
       94.57500      108.96314286     
       94.62500      113.13815035     
       94.67500      110.19663169     
       94.72500      104.01246835     
       94.77500      114.55904095     
       94.82500      109.44161132     
       94.87500      104.35131706     
       94.92500      109.72877788     
       94.97500      106.93961856     
       95.02500      107.52743232     
       95.07500      113.20734926     
       95.12500      106.54389705     
       95.17500      107.37714802     
       95.22500      112.24567402     
       95.27500      109.60396110     
       95.32500      109.51239603     
       95.37500      104.39789828     
       95.42500      103.37588450     
       95.47500      102.77676489     
       95.52500      107.76998226     
       95.57500      103.22578463     
       95.62500      111.75533678     
       95.67500      119.09372595     
       95.72500      113.18234837     
       95.77500      105.49586561     
       95.82500      118.52635196     
       95.87500      112.78746331     
       95.92500      110.06575197     
       95.97500      109.67811268     
       96.02500       99.37048098     
       96.07500      111.76987567     
       96.12500      113.53839912     
       96.17500      109.66415267     
       96.22500      122.07960229     
       96.27500      116.27512688     
       96.32500      121.17795840     
       96.37500       98.66492632     
       96.42500       98.98989698     
       96.47500      113.62703931     
       96.52500      116.02514878     
       96.57500      116.91956399     
       96.62500      112.66789720     
       96.67500      107.23413301     
       96.72500      108.21595513     
       96.77500      115.15465002     
       96.82500      108.36709730     
       96.87500      112.81517475     
       96.92500      118.99584934     
       96.97500      106.20051905     
       97.02500      109.41027255     
       97.07500      115.96152215     
       97.12500      117.27024159     
       97.17500      113.88954287     
       97.22500      118.99791680     
       97.27500      124.29507347     
       97.32500      128.91635019     
       97.37500      132.64904728     
       97.42500      111.64145806     
       97.47500      129.61658994     
       97.52500      133.65892337     
       97.57500      122.23924613     
       97.62500      138.19899551     
       97.67500      122.60087443     
       97.72500      121.77138139     
       97.77500      122.88161843     
       97.82500      122.58175155     
       97.87500      122.46440792     
       97.92500      113.30477632     
       97.97500      119.61051386     
       98.02500      109.54986746     
       98.07500      117.19327818     
       98.12500      112.83226371     
       98.17500      116.30509113     
       98.22500      109.61204652     
       98.27500      118.21780163     
       98.32500      118.85630660     
       98.37500      101.75250864     
       98.42500      114.80514665     
       98.47500      101.32449250     
       98.52500      109.06562626     
       98.57500      100.40287156     
       98.62500      105.31668086     
       98.67500      104.18877931     
       98.72500      107.02977873     
       98.77500      113.54974874     
       98.82500      107.42344971     
       98.87500      109.12179918     
       98.92500      108.97094764     
       98.97500      101.68137640     
       99.02500      111.51067508     
       99.07500      116.44496248     
       99.12500      122.43165255     
       99.17500      113.08344094     
       99.22500      113.24916653     
       99.27500      110.42356938     
       99.32500      127.35245967     
       99.37500      134.60714692     
       99.42500      129.57767850     
       99.47500      134.90673671     
       99.52500      149.43758584     
       99.57500      166.34984331     
       99.62500      167.35947938     
       99.67500      185.09054717     
       99.72500      194.52639589     
       99.77500      214.20325005     
       99.82500      233.21384969     
       99.87500      229.21345119     
       99.92500      242.97772868     
       99.97500      245.63618619     
      100.02500      252.25812714     
      100.07500      265.40555223     
      100.12500      286.51529254     
      100.17500      291.75035882     
      100.22500      326.98871330     
      100.27500      342.18932591     
      100.32500      358.55355162     
      100.37500      381.70466306     
      100.42500      380.16695794     
      100.47500      406.41901607     
      100.52500      407.15075283     
      100.57500      397.02546280     
      100.62500      423.40962886     
      100.67500      393.82818897     
      100.72500      380.78220999     
      100.77500      339.02660215     
      100.82500      310.90221787     
      100.87500      275.72447796     
      100.92500      238.45719861     
      100.97500      229.61456893     
      101.02500      208.36648559     
      101.07500      170.83818512     
      101.12500      168.23737811     
      101.17500      157.25548756     
      101.22500      131.09196650     
      101.27500      130.68736564     
      101.32500      113.30473870     
      101.37500      105.71594280     
      101.42500      106.31153878     
      101.47500      115.05901091     
      101.52500      108.32089038     
      101.57500      112.08495465     
      101.62500      105.84326473     
      101.67500      101.71547742     
      101.72500      113.18362912     
      101.77500      101.83569777     
      101.82500      112.84017351     
      101.87500      107.62384282     
      101.92500      108.48420556     
      101.97500      111.76308273     
      102.02500      101.35251823     
      102.07500      103.60759104     
      102.12500      102.66901917     
      102.17500      104.94039494     
      102.22500      103.19211126     
      102.27500      110.55886248     
      102.32500      112.26790387     
      102.37500      104.33873522     
      102.42500      106.03914699     
      102.47500      101.20086291     
      102.52500      104.11967664     
      102.57500       97.55156539     
      102.62500      101.39211282     
      102.67500      106.19319134     
      102.72500      104.42863926     
      102.77500      112.46026206     
      102.82500      103.71225036     
      102.87500      111.69760528     
      102.92500      111.27019711     
      102.97500      111.41189654     
      103.02500      113.96739108     
      103.07500      108.58232908     
      103.12500      112.65277750     
      103.17500      104.88642651     
      103.22500      115.62663897     
      103.27500      112.96514740     
      103.32500      120.95471466     
      103.37500      134.73546406     
      103.42500      133.43352231     
      103.47500      132.87223582     
      103.52500      140.37180256     
      103.57500      141.04127774     
      103.62500      133.19511798     
      103.67500      130.90559288     
      103.72500      140.31029756     
      103.77500      139.90839941     
      103.82500      134.40981797     
      103.87500      134.75734122     
      103.92500      123.51252986     
      103.97500      121.49468979     
      104.02500      126.95639998     
      104.07500      113.63675745     
      104.12500      114.96784342     
      104.17500      107.24007643     
      104.22500      103.05909661     
      104.27500      104.50178520     
      104.32500       97.86572644     
      104.37500       99.75868053     
      104.42500       96.60471251     
      104.47500      107.85313623     
      104.52500      110.34683466     
      104.57500      102.21448431     
      104.62500      108.00640701     
      104.67500      105.11376726     
      104.72500       95.21779072     
      104.77500      102.81998152     
      104.82500      101.17737055     
      104.87500      103.15902625     
      104.92500      103.69738722     
      104.97500      102.75969312     
      105.02500      103.43464797     
      105.07500      100.42278296     
      105.12500      104.14918818     
      105.17500      105.94160188     
      105.22500      105.85905948     
      105.27500      103.35842498     
      105.32500      101.15943575     
      105.37500       99.02836476     
      105.42500      105.58477066     
      105.47500      100.71663400     
      105.52500      102.36553868     
      105.57500       96.71045061     
      105.62500      108.08584563     
      105.67500      103.33693706     
      105.72500      109.40351677     
      105.77500      113.08314120     
      105.82500      107.39508938     
      105.87500      110.64172735     
      105.92500       95.41763366     
      105.97500      113.30266898     
      106.02500       96.40556900     
      106.07500      101.86672314     
      106.12500      108.04210240     
      106.17500      103.82904691     
      106.22500      109.24949161     
      106.27500      109.87974060     
      106.32500      103.58354499     
      106.37500      105.63119923     
      106.42500      110.93650497     
      106.47500      109.11006175     
      106.52500      103.47723657     
      106.57500      108.27520169     
      106.62500      102.53922055     
      106.67500      109.59389151     
      106.72500      108.97242400     
      106.77500       97.72950505     
      106.82500      106.94943486     
      106.87500      112.19627555     
      106.92500      107.69278045     
      106.97500      106.04610234     
      107.02500      114.04163650     
      107.07500       97.62398279     
      107.12500      109.25294758     
      107.17500      101.94070579     
      107.22500      107.62171145     
      107.27500      100.29082041     
      107.32500      109.71552015     
      107.37500      116.09016606     
      107.42500      104.42963573     
      107.47500      108.36215863     
      107.52500      112.96179720     
      107.57500      117.16729507     
      107.62500      117.61990153     
      107.67500      120.93511496     
      107.72500      132.93501969     
      107.77500      127.20877286     
      107.82500      125.25784985     
      107.87500      127.25769545     
      107.92500      127.68229233     
      107.97500      130.38500634     
      108.02500      122.65133386     
      108.07500      131.16663656     
      108.12500      130.49929613     
      108.17500      123.81010814     
      108.22500      126.79051005     
      108.27500      129.86653962     
      108.32500      121.44363983     
      108.37500      118.62629764     
      108.42500      116.22580605     
      108.47500      109.43029893     
      108.52500      112.01093374     
      108.57500      102.95240560     
      108.62500      112.77292866     
      108.67500      113.87590263     
      108.72500      113.11020359     
      108.77500      125.64956061     
      108.82500      117.14337507     
      108.87500      106.24139635     
      108.92500       99.09583122     
      108.97500       95.83203182     
      109.02500      105.72848629     
      109.07500      113.35733924     
      109.12500      105.38451204     
      109.17500      120.06508293     
      109.22500      109.02907655     
      109.27500      104.71454771     
      109.32500      101.50913766     
      109.37500      115.59453816     
      109.42500      118.96313189     
      109.47500      127.66630821     
      109.52500      119.14362646     
      109.57500      119.34348277     
      109.62500      124.09514156     
      109.67500      127.00474599     
      109.72500      130.24319218     
      109.77500      132.00776754     
      109.82500      130.01716664     
      109.87500      128.26959984     
      109.92500      130.64849210     
      109.97500      132.52268498     
      110.02500      129.16670828     
      110.07500      129.89628875     
      110.12500      122.69094779     
      110.17500      127.36455862     
      110.22500      125.23531425     
      110.27500      122.43826954     
      110.32500      119.22004245     
      110.37500      117.16718785     
      110.42500      127.00630263     
      110.47500      123.96101553     
      110.52500      122.29141996     
      110.57500      118.27952460     
      110.62500      124.09438001     
      110.67500      127.83273591     
      110.72500      129.87963641     
      110.77500      126.24022798     
      110.82500      137.66294028     
      110.87500      140.40318761     
      110.92500      131.44760168     
      110.97500      138.62361442     
      111.02500      150.41371544     
      111.07500      142.53907303     
      111.12500      149.45589258     
      111.17500      146.12326456     
      111.22500      153.24714086     
      111.27500      143.05445518     
      111.32500      138.59101525     
      111.37500      136.98263019     
      111.42500      135.83948225     
      111.47500      139.52313979     
      111.52500      135.61302047     
      111.57500      129.98418664     
      111.62500      130.02381572     
      111.67500      125.73273851     
      111.72500      125.25938212     
      111.77500      124.38323217     
      111.82500      128.40781109     
      111.87500      123.68517231     
      111.92500      129.78053159     
      111.97500      129.20656202     
      112.02500      140.39116709     
      112.07500      151.77599489     
      112.12500      152.76555877     
      112.17500      157.61798043     
      112.22500      169.00048325     
      112.27500      181.09139579     
      112.32500      190.81753081     
      112.37500      201.55776047     
      112.42500      233.30048705     
      112.47500      242.76866611     
      112.52500      271.16041143     
      112.57500      304.51652197     
      112.62500      340.48777844     
      112.67500      374.94227192     
      112.72500      431.19367467     
      112.77500      481.61517193     
      112.82500      505.46417721     
      112.87500      524.15552459     
      112.92500      561.35482114     
      112.97500      585.42029557     
      113.02500      595.89935165     
      113.07500      602.57027307     
      113.12500      601.92899081     
      113.17500      613.26482003     
      113.22500      620.36668674     
      113.27500      621.48842140     
      113.32500      601.98700974     
      113.37500      552.00737992     
      113.42500      521.22854680     
      113.47500      466.45528742     
      113.52500      440.17934210     
      113.57500      387.62262659     
      113.62500      354.64339954     
      113.67500      310.05872314     
      113.72500      295.88796578     
      113.77500      274.47642755     
      113.82500      264.98807995     
      113.87500      248.36113111     
      113.92500      240.79060771     
      113.97500      222.57181102     
      114.02500      216.27975930     
      114.07500      220.60644838     
      114.12500      225.35906480     
      114.17500      232.06661351     
      114.22500      236.91621802     
      114.27500      274.34917235     
      114.32500      288.17234139     
      114.37500      307.82611798     
      114.42500      312.75044264     
      114.47500      375.38799200     
      114.52500      429.14093238     
      114.57500      439.58551847     
      114.62500      512.99966945     
      114.67500      552.59807108     
      114.72500      616.06229481     
      114.77500      634.32528701     
      114.82500      682.57281465     
      114.87500      692.32370864     
      114.92500      744.05640808     
      114.97500      768.52306584     
      115.02500      811.59182138     
      115.07500      835.56168981     
      115.12500      827.09985359     
      115.17500      858.11499031     
      115.22500      901.44841361     
      115.27500      875.27986928     
      115.32500      849.32257492     
      115.37500      805.62876600     
      115.42500      800.20728255     
      115.47500      744.23979541     
      115.52500      682.17435937     
      115.57500      665.23172858     
      115.62500      592.19880661     
      115.67500      550.02662933     
      115.72500      512.12855113     
      115.77500      466.13988600     
      115.82500      441.53997791     
      115.87500      400.48017356     
      115.92500      348.72695510     
      115.97500      314.41996497     
      116.02500      291.98876325     
      116.07500      264.43425405     
      116.12500      225.66276734     
      116.17500      212.85524285     
      116.22500      201.43192750     
      116.27500      176.67669826     
      116.32500      169.70942257     
      116.37500      180.66898932     
      116.42500      164.90325218     
      116.47500      156.34525339     
      116.52500      146.07636885     
      116.57500      139.36170462     
      116.62500      142.71282537     
      116.67500      121.32646160     
      116.72500      128.10411138     
      116.77500      115.56165578     
      116.82500      121.80709906     
      116.87500      115.32154113     
      116.92500      106.44069171     
      116.97500      113.43356477     
      117.02500      116.79040457     
      117.07500      105.94815076     
      117.12500      108.02558347     
      117.17500      108.09441968     
      117.22500      110.80348631     
      117.27500      108.38143498     
      117.32500      113.64406624     
      117.37500      112.80531513     
      117.42500      113.06548606     
      117.47500      111.15226283     
      117.52500      113.24049663     
      117.57500       99.64365193     
      117.62500      109.79740920     
      117.67500      111.13497588     
      117.72500      116.25814542     
      117.77500      123.85494668     
      117.82500      109.69265750     
      117.87500      109.87041280     
      117.92500      118.75422142     
      117.97500      119.05966917     
      118.02500      122.15037525     
      118.07500      119.56208414     
      118.12500      120.75418160     
      118.17500      121.98296706     
      118.22500      134.76044027     
      118.27500      136.14060903     
      118.32500      144.31353511     
      118.37500      150.38733473     
      118.42500      141.65603440     
      118.47500      151.31836237     
      118.52500      155.84474056     
      118.57500      168.56372518     
      118.62500      186.25432897     
      118.67500      212.27853196     
      118.72500      221.70873354     
      118.77500      233.36851160     
      118.82500      240.85096268     
      118.87500      254.95152210     
      118.92500      271.31309802     
      118.97500      280.01728749     
      119.02500      274.13091602     
      119.07500      295.61170994     
      119.12500      263.37313306     
      119.17500      283.95020666     
      119.22500      292.43865890     
      119.27500      291.44413703     
      119.32500      280.93554987     
      119.37500      288.24670695     
      119.42500      274.48761443     
      119.47500      268.74457629     
      119.52500      247.95306984     
      119.57500      257.84032700     
      119.62500      226.48492375     
      119.67500      211.77347242     
      119.72500      196.66590970     
      119.77500      181.36236932     
      119.82500      169.15217219     
      119.87500      181.43404557     
      119.92500      168.94280742     
      119.97500      156.11301434     
      120.02500      175.30486158     
      120.07500      156.60638332     
      120.12500      145.45377697     
      120.17500      138.74130342     
      120.22500      144.72323072     
      120.27500      149.03678606     
      120.32500      147.70288217     
      120.37500      160.60883911     
      120.42500      166.63289690     
      120.47500      164.53582273     
      120.52500      171.26457787     
      120.57500      190.55106548     
      120.62500      195.49750549     
      120.67500      215.32274687     
      120.72500      233.43811636     
      120.77500      248.03808253     
      120.82500      256.94371005     
      120.87500      281.85786736     
      120.92500      319.56341029     
      120.97500      319.76711333     
      121.02500      329.64410290     
      121.07500      332.57525974     
      121.12500      354.14590087     
      121.17500      359.23676601     
      121.22500      347.68876879     
      121.27500      357.97149406     
      121.32500      359.53575398     
      121.37500      367.81576179     
      121.42500      372.01977129     
      121.47500      344.30301564     
      121.52500      343.31419423     
      121.57500      340.32360143     
      121.62500      328.56712862     
      121.67500      309.47679005     
      121.72500      272.99485088     
      121.77500      272.75404714     
      121.82500      248.39489612     
      121.87500      227.10268031     
      121.92500      223.18528967     
      121.97500      233.75113323     
      122.02500      214.00920670     
      122.07500      229.12837746     
      122.12500      202.47368530     
      122.17500      203.47930410     
      122.22500      208.64216721     
      122.27500      212.86516480     
      122.32500      212.74124765     
      122.37500      199.77054512     
      122.42500      218.53903526     
      122.47500      230.39108211     
      122.52500      230.80280583     
      122.57500      255.32095148     
      122.62500      261.48315451     
      122.67500      268.77819768     
      122.72500      311.74618416     
      122.77500      362.57883435     
      122.82500      395.23992523     
      122.87500      410.71237181     
      122.92500      461.06754215     
      122.97500      505.67638309     
      123.02500      516.91222111     
      123.07500      540.67350434     
      123.12500      577.98628721     
      123.17500      612.84957735     
      123.22500      579.34361092     
      123.27500      596.78435142     
      123.32500      610.17028006     
      123.37500      628.95412668     
      123.42500      631.34230199     
      123.47500      664.10262572     
      123.52500      649.12278562     
      123.57500      656.59329995     
      123.62500      646.79856550     
      123.67500      610.01661072     
      123.72500      573.65615840     
      123.77500      565.45187159     
      123.82500      523.24320513     
      123.87500      479.12393031     
      123.92500      446.49098677     
      123.97500      385.22483783     
      124.02500      349.38846342     
      124.07500      326.54854291     
      124.12500      300.01996969     
      124.17500      274.00840534     
      124.22500      245.33990188     
      124.27500      219.22428687     
      124.32500      211.50970517     
      124.37500      226.99038494     
      124.42500      167.50364320     
      124.47500      148.19369106     
      124.52500      139.59596093     
      124.57500      125.35281297     
      124.62500      118.21062675     
      124.67500      123.40069660     
      124.72500      109.78639414     
      124.77500      118.68911531     
      124.82500      102.62408330     
      124.87500      110.44135868     
      124.92500      103.08557440     
      124.97500      103.72716850     
      125.02500      115.79419859     
      125.07500       97.78385846     
      125.12500      116.69472822     
      125.17500       89.55042232     
      125.22500      104.18870300     
      125.27500      104.20282701     
      125.32500      111.74453942     
      125.37500      104.73233279     
      125.42500      121.18618604     
      125.47500      124.30158877     
      125.52500      126.21752798     
      125.57500      124.23886279     
      125.62500      133.45245379     
      125.67500      139.67863825     
      125.72500      123.72635003     
      125.77500      136.27890411     
      125.82500      157.68685131     
      125.87500      150.38303939     
      125.92500      159.85829741     
      125.97500      156.33115222     
      126.02500      171.52206833     
      126.07500      186.63532632     
      126.12500      187.27900583     
      126.17500      196.21044260     
      126.22500      220.58809358     
      126.27500      207.16188227     
      126.32500      214.33756007     
      126.37500      271.51868812     
      126.42500      268.27343047     
      126.47500      285.96935261     
      126.52500      302.05492123     
      126.57500      342.51010692     
      126.62500      364.46623463     
      126.67500      352.16491106     
      126.72500      356.01431179     
      126.77500      391.47210524     
      126.82500      373.99603087     
      126.87500      393.66319717     
      126.92500      420.97921382     
